-0.121103133695819	0.149454613130828	-0.00874886535767594	-0.109180534006354	-0.445256062592459	-0.147179524493438	-0.401370691831367	-0.156261034982535	-0.117754987565322	-1.08190402757859	0.344756694673599	0.115948877328194	1.9647227993745	-0.0967351613889988	0.442926018296859	0.569578206850089	0.269184544099687	0.331514373083326	-0.611684702457509
0.0216286407755224	-0.0219001879933948	0.0961354662952294	0.00964124913348408	-0.0182126416788215	0.0175653719244291	-0.0631704309963621	0.0467637095260649	0.027839339352103	0.119447452196638	0.0744193893381295	-0.0235978188022938	-0.226836532076894	-0.00154029693755442	-0.00392441865655435	0.0242219420071583	-0.0765927625879002	-0.023893112528842	0.0802421364995967
-1.182594249459	3.23375076265429	-13.457536491424	-0.494520185131137	-1.06824352472708	-1.51043669818674	-2.05257687855323	6.01064345839507	-1.83094074490197	-4.49465900404996	-17.1502994127293	3.24390548255379	32.9856476728546	5.88170186514049	-6.2533938457143	-0.871844664281184	27.3895701221658	3.50470861190018	-10.7305655807598
0.00506855651014959	0.00696920303261022	-0.0946682320600802	0.0253721253448066	0.0528157288121214	0.0143672938274158	0.0941000592614247	0.0913409891194681	-0.0250552213715898	0.0432684427770765	-0.346500994173364	0.0131770022187404	-0.0273386171169087	0.176173506844765	-0.248435738197155	-0.174893848813245	0.2554122464158	-0.0720722059617577	0.102382921244228
-0.841877848633797	2.17917924328345	-12.0904663156023	-0.427775833370802	0.445149925109135	-1.04959371970435	2.53166155964993	5.05794462996175	-0.824911142014528	-0.214726472075675	-12.0952763766036	2.45301927504227	20.7414902374299	0.39676993802405	-2.523901562074	-2.08507436506807	19.4067508100792	2.62538394065075	-9.72885097848084
-0.0424489610189981	0.0413040796690487	-0.0175391454315108	0.0452263498399955	-0.0896970734486698	-0.0111749610114132	0.199017998426243	0.267604168453355	-0.119647409691646	-0.28915345800359	-0.412572869274207	0.042261862274932	0.564912902794078	0.188036570483039	-0.515024347831847	-0.369098567182658	0.532561190273966	-0.150665430281276	0.0079572883966863
0.678896060140973	-0.352803791590912	1.86282189225868	2.95902023012469	0.451971930711787	1.68365915906445	6.37372832626916	12.1648730236632	-2.05399728962777	3.39610207640356	-19.3318588827933	-0.100431401637279	-6.06078853473893	11.444287537357	-23.1667669247435	-16.298976144161	19.4960609039435	-8.74433499716316	10.6777852988581
0.556783466285136	-1.03696916878291	4.82969821882051	-2.49846511323063	0.136671594579905	-0.553791490600439	-9.12561951638634	-15.1708917932365	3.20955015210411	-0.995658596173499	21.930760448225	-1.38416997823301	-12.4599430153994	-7.53859036004823	24.1389211750459	18.2928263645358	-26.2350010026006	7.05709295342048	-0.768783134094306
-0.119688130419663	0.10443849432137	0.101745212266563	-0.11322506023413	-0.302843875538375	-0.133641476188298	-0.378653927871294	-0.477743555650513	-0.115001305510285	-1.08275935954945	0.63528693015779	0.0666135784834558	1.53705915589226	-0.0784152614079474	0.582428172914803	0.549094187343272	-0.321317989058215	0.307181069414902	-0.448126872218968
-0.189696472905791	0.49873432318579	-3.37947325700848	-3.20546833074604	-0.153138878479041	-1.54365297140279	-6.60593155998239	-12.9164050741984	2.88682379960714	-2.40686566540843	16.5712461378405	0.380004818166847	2.03467253032366	-9.96374346822239	26.3155234095717	18.7876010139714	-15.4192238344644	9.85302784742427	-8.86357433873036
1.56551356226895	-2.74122393200135	13.6905263701085	5.14505792734241	0.692463467284256	3.58490989052916	10.8504593794127	14.8026994920184	-2.84349908244582	5.54841364481589	-19.0977778191935	-2.48702047093016	-29.1203679459271	15.9713635039035	-34.8533724536189	-25.9284552014752	9.28521619639992	-17.0284044525769	25.2381737958488
0.00808347931234726	0.000294980795396294	-0.0193397383039583	0.0210506498846273	0.0171330798608463	0.011712626033237	-0.0289595663985039	0.106235201328473	-0.00589915948087766	0.0971975614936432	-0.102959299693208	-0.00105256796898859	0.029653079924063	0.0823844544761296	-0.174186252617609	-0.114292122457894	0.195114869137716	-0.0424604511008114	0.0132461441364909
0.773128758634765	-0.198512705324456	-2.07396056820148	-3.29289081119152	0.506172360111616	-0.973298878229697	-9.74552388583392	-13.6399804061038	4.50192473528655	3.06484964232868	18.4592487088019	-0.318268370152491	-7.93141404802262	-9.96481909057167	29.26204382489	22.3379139748738	-19.0783331385318	10.4991872713512	-6.32109608600067
0.927534060739274	-2.17555810334285	16.770819282981	2.53656462262239	-4.65218187742331	1.8910417166855	3.88881153476271	7.57856739322528	-1.10022246371135	-1.96092950211857	0.336393119690115	-2.24814444478277	-20.4589543272343	4.22741566217678	-13.546328184758	-8.92529067852468	-3.64670894494964	-9.40037895341965	16.0790065357836
-0.564073691466712	0.92536063193317	7.29108708733665	2.50512438324068	-7.31072063341507	0.415770933221012	0.905086423535948	13.8476922958394	-4.03582631270629	-10.7363201108788	-15.1300129099041	0.640741087895051	14.5908904997012	12.2179847783062	-23.6145797007091	-12.3004890891212	22.7800538531247	-7.69636303772447	7.37103986507691
0.697636323804081	-0.934117355334826	-1.61947172852381	0.825845099780167	4.57274349833848	1.0060054286155	4.5764558741426	0.630937564237797	0.522134316663895	8.01067120158217	-4.30498767511295	-0.632298693190041	-12.7273696072996	1.42809689818642	-4.11954458087143	-5.49119060802957	-1.10438988481638	-2.52844011751597	4.21732571137443
0.110935277441525	-0.488113399454378	5.00217291480166	5.21387008232688	-0.201780535790213	2.38436032634857	12.0828006570164	20.447140492081	-5.29655961108442	0.542274424607967	-29.9865349260863	-0.259561213680528	-1.59058127559666	18.8446466707349	-43.2106530806876	-31.2320783133453	27.5309134207628	-16.2753537269979	16.126512531648
-0.0274259087830825	-0.0556772162649235	0.623218198551133	0.0240968614812926	-0.279832477911835	0.00119912636845654	0.10579742278663	0.0609613358723315	-0.0529083012001825	-0.371989298659856	0.669741685949319	-0.0690978505319153	-0.153643305307515	-0.238453329883033	0.0220294392093692	-0.0798543062838988	-0.645863267975905	-0.166004263383249	0.169397203706186
0.106729514245098	0.22298086509148	4.06197773995341	3.21802533787082	-3.00222707438496	1.3056030820026	6.55400946306412	15.8002959072376	-3.32675153326257	-2.08676794049079	-20.8813325498264	0.3548925157259	3.19249018166141	12.1790192773973	-27.1483405218662	-17.5255749700966	24.2698996870603	-9.75680605334636	9.93438584079804
