0.115627344123926	-0.0768184456525574	-0.350030745829748	-0.04506500937811	0.608769786701458	-0.111929458543496	1.00262519428303	-0.319226641514531	0.0389464045802086	-1.19162655573626	0.55529896975105	-0.18931326981787	0.366095978613558	0.400961411611692	-0.0232436319508871	0.103356307067409	-1.23583605268635	0.265601598631864	-0.565411879988266
-0.333262554531112	-0.0377669931055858	-0.184889634303282	-0.00223487440044945	-0.0226050039732506	0.0396502896871154	0.278990323261319	0.0368294547475219	-0.211610614188438	-0.0788804971906423	-0.336347801765632	0.171856176203852	-0.00463338088975451	0.126595214961165	-0.158546724103549	-0.045879250362616	0.0253145405045032	-0.235820072265148	0.0854366418575339
-17.6275459130475	-1.04409927246768	-14.5985271212692	0.721561467782321	-7.07120491155196	3.40051640082051	6.42037973160795	6.26918342643225	-10.9316547594455	21.0708358721728	-15.102702635021	10.1033019310172	-5.07004166720879	-2.22320448598873	-8.69227697780486	-4.22305898710649	13.8406994632102	-14.8768347995386	4.4047392182456
-0.308164683952808	-0.0235158614735387	-0.252603130075972	-0.0298207538447865	-0.365641341096228	0.0637537059436073	0.21435366604892	-0.118309219025945	-0.109516313684698	0.0710648143795445	-0.49935394627888	0.123623318704438	0.153696890232084	-0.193940978048281	-0.131372353590992	-0.16334738070555	0.280302600069715	-0.243210151917801	0.3520321545802
-13.9466550714938	-0.583114951845836	-12.9899583094515	0.469530092421925	-9.12938626657447	3.13694640130764	3.30939394046336	3.84337257240531	-7.86909579236534	22.1302357078353	-13.7969245511314	7.87583851243997	-2.55532847158736	-5.21776146900014	-7.02196989116719	-5.62477211171696	15.9028782462703	-12.2860410580154	5.1414906353302
-0.29650057375345	-0.017423078665884	-0.0559296595037753	0.019740897278663	-0.0187171374276347	0.0477907024498093	0.0383011062541319	0.169257854486986	-0.212175868969857	0.157347929566506	-0.302781152721805	0.19523388593004	-0.19433547157993	0.0875310047116192	-0.0885769834411794	-0.0261893875503427	0.20498348605649	-0.245610925167566	0.100877830443999
-22.1356924077778	-0.786002298283956	-4.74535120095012	1.24065600597978	-8.8977743575602	4.28825368391172	-1.75327640793675	10.8499047409903	-14.4926466938419	17.4183046186589	-27.7273916097981	14.5754570823754	-9.92223347160628	4.34670159678349	-9.53426241955253	-3.14187105749706	27.8584391153844	-18.8739951769677	11.8606862972783
29.182425638484	1.34492302596245	13.3625243833234	-1.33397392774012	12.1838033947987	-5.63887884277702	-3.07543277920952	-14.0429357425419	18.417468690074	-27.6565918456398	33.2111405700473	-18.0620200655101	12.149703034054	1.48682132954889	11.5846552637254	5.44969318430188	-27.9930095690654	24.9764575171921	-13.2722664933771
0.537145876548969	-0.0205164702134297	0.23128943114442	0.0334378760807601	1.15854183748505	-0.18245735681973	0.312524683924485	-0.0295955102461178	0.13343932225742	-0.961411390973044	1.2003377422695	-0.282727311516719	-0.0218756505668978	0.848545320102501	0.124381467835127	0.314290765457887	-1.27000754046015	0.557768089214033	-1.09021325871483
22.1152458862006	0.860319169738515	6.64981169162862	-0.913009537124346	11.5982080818091	-4.37317533807078	1.52198876937311	-9.70835253915504	13.824958646381	-18.9610433098797	28.3711791574105	-13.9306848681017	7.53070102220085	-1.23590623211236	10.6769430413838	3.21623447172305	-24.1124408045168	18.9496037217816	-12.6642209038948
-26.2293176639732	-1.29157387394575	-1.27126713800472	0.837932342896186	-10.1050147599453	4.54655512728931	0.694122909077581	11.2891934921957	-16.755762060623	6.30252051178398	-36.9591550839204	16.7243312959607	-10.0743547825325	6.81753280021006	-9.68797450935382	-2.28536480020567	27.3413255374254	-21.4446623959194	18.0413100613043
-0.0122322083699942	0.0141166698258068	-0.247502537673539	-0.0396938127135881	-0.563660317632927	0.0450551354130821	-0.0395884768609815	-0.262080412921112	0.117287699146464	0.374746230994781	-0.117629660820448	-0.0596841488144317	0.23316230785189	-0.484787102649021	-0.0656977710358699	-0.120428396017962	0.271044697664074	-0.0546252425354119	0.3723639066445
22.8622812911186	1.14092637318565	8.64749920441679	-0.452715457501301	13.1409672398273	-4.44925738770868	-1.54509244195452	-5.49976982764126	13.5614036676285	-16.6820538845168	29.9109312684839	-13.5088489651635	3.66989963175355	-0.936536977717846	11.634216703002	5.67320128833731	-22.7788829829258	19.1083093508131	-13.5840634783828
-0.701336386360772	-0.0572478447637634	6.77836343609104	-0.0869417066396201	0.758407095288904	-0.309497535232509	-0.418477205070481	2.991013426033	-0.76540161712412	-12.9924881177051	-3.97043723187546	0.933564257414048	-3.84710752955676	3.11978525302745	2.21480296753063	4.54391845032088	0.607814553748483	-0.135120062798407	5.47836973937743
-11.0255635790858	-0.662195273589442	-1.98674684851563	0.517848277409942	-2.91157688385358	1.75280521067279	1.1934108981085	3.37390008486853	-7.65883509730545	2.19306749219931	-11.2811038709417	6.99837672598361	-4.36245089051879	6.72572158087099	-6.47584658908472	0.424149250796285	10.5743822175169	-8.70823081997986	4.99425882323717
-10.1434631526627	-0.444438143560943	-2.45505789475483	0.367100317626438	-4.07132335953764	1.95312384911745	0.396886544894238	4.27596602060485	-6.2538963805316	7.74828977421338	-14.6873246648456	6.39494106233002	-2.21162602837018	0.918760823029679	-3.90360570597894	-2.95453408382592	11.5587773531107	-8.49623066583837	5.55300529033166
-36.8156270915255	-1.82492022626616	-11.8343203447042	1.28139126368883	-15.8879902157036	6.80407295449276	3.58662124897075	15.3306473472776	-23.0453878271874	23.5905371677054	-46.1114919900594	22.6947086227847	-12.6676460834741	2.90022423018739	-15.4053674957855	-5.61179390392313	35.9535785887085	-30.7298874900466	20.2542900883374
0.333086478494664	-0.0101368054662383	0.00559967635193015	-0.0243514134571932	0.371018416051926	-0.0991340095852467	0.358838589430853	-0.0540876354418689	0.197593622421252	-0.746860640011467	0.471944848153367	-0.234476642763185	0.148119791542053	0.0595238522041034	0.189863509360402	0.177904857701625	-0.665736685106071	0.341846343483636	-0.32072858030486
-28.8239870807604	-1.50503815001308	-7.68119714833227	1.51215723460937	-7.67729795676168	5.01006461130067	2.78732264829214	13.6453524022061	-19.4302286355235	16.9360448846086	-32.3753324498165	18.4596217379056	-12.6996268852776	8.17101876777155	-12.6869968988406	-2.35113609841986	27.1852402773795	-23.767724371545	12.3607552869044
