-13.582789118479	3.34554542212262	-5.25020129779916	-6.48916451122015	-5.62836676392436	7.76168958768418	0.146224609257281	2.90803711968937	18.1115523905604	17.2291875549926	-13.6436368309495	-2.65472047375721	6.42873545424608	6.21313696451025	4.74005149828946	0.420825656703774	24.7317236468855	1.92303644734103	-23.6491466888995
6.10760090032929	-1.37958613249703	1.83743881962881	1.97142073614449	2.46281461089807	-1.62213817777604	2.59587216382002	-2.59655037388429	-5.64584435677171	-6.61861798714969	3.96240603034864	-0.91894757039798	-3.98394644580156	-1.74949149901903	-1.64175099510044	-0.086257904011216	-11.5230041839624	-0.326529069474502	9.04778496841487
-7.38590784894753	-0.445913745018842	-0.0173553197259659	-0.00662293371993883	-8.20746397003895	-4.68559890648637	-7.55703122981481	1.45135873266584	11.0940242425241	8.79644484430502	7.90696747319116	13.425367710551	5.44701597456195	1.03214223809147	1.65774765827227	-0.746205547248367	5.00126482204335	2.23822859383717	-9.70476713031145
4.70240336264803	-0.420604967246996	1.3370670543871	0.245925779115185	2.53280329747196	-0.173793104550931	1.86677922703705	-0.971215829373013	-4.69051529489068	-5.47791456279453	4.65385170188613	-0.372266565860951	-2.99007945850484	-2.33609662032722	-1.25274777725636	-0.00917774785014702	-9.18569517828858	0.616757917093437	6.76722607952923
0.313625212311087	-1.73586322245474	1.2244981897734	1.75334128307125	-2.77925701675881	-4.27678530082281	-1.93626103969795	-1.83004649989521	1.44905467268817	-0.147673915982015	6.52091842297639	5.7915283725715	-0.0391456790100073	-0.26837012617105	-0.258987318939917	-0.478296908395739	-5.84108021510017	0.202286698947152	1.58139206699059
5.4672151350735	-1.13876400272523	1.59659134069683	1.7963969513333	2.1762110657204	-1.27763304454264	2.45389013476071	-2.33269761679099	-4.91194298315036	-5.95623502848254	3.41000961777152	-0.878468829338218	-3.6530239836882	-1.55186799343062	-1.33819219548793	-0.0717849884985262	-10.2824216317515	-0.323034549134859	7.97651995720359
-12.970050736794	6.64768665049444	-5.36339321397411	-7.97699011219035	-0.213457979893634	13.5347625654644	1.11176164247325	6.50025845466253	13.1151666100069	15.0202894134589	-20.4253647753661	-8.46598873981802	4.79645127512132	4.72878737374411	4.23157823774565	1.18104151168114	38.4451601093113	1.8255973393142	-22.8192480629061
2.32309450324077	-3.72928332634335	2.33066921122174	3.44110122826768	-3.03059731859258	-7.26299696833381	-1.13455782519375	-4.26203645550451	0.163534421992807	-1.13351155676161	8.2474666716146	6.22079648316703	-0.946561379240169	0.530652093530834	-1.2378274755916	-0.672279300347802	-11.1786694491085	-0.293557486180269	5.55464170389714
-10.6210365410456	3.18789568543404	-4.04055921155229	-4.85137894971748	-3.77437058470891	5.97826000103964	-1.39071439453045	4.20358451148198	12.5658343604438	13.1142328121464	-10.560804968962	-1.46993492298103	6.28455127073324	4.25756512501145	3.57314985730358	0.359696019957806	20.7157003129715	1.54316482754617	-17.9252988286365
13.7096533478511	-7.79900788768504	9.11032533322941	11.0472013622235	-1.91647648556206	-20.8203603196051	-8.4784106776871	-5.26684996143045	-15.6500889504818	-17.1731909431518	35.0030734476522	21.7076150559888	-4.15701701813335	-7.85776937724736	-5.68557909606433	-1.81632147456603	-39.228035483726	-0.649121751701431	28.7443238522043
-9.52945382000675	7.38938754957595	-5.32817252474293	-6.58375118099994	3.73803835492981	15.9383758851683	3.92765541416499	6.26255948488214	7.80855971404231	10.7454244408995	-27.3119387861437	-15.1516435591481	2.05892718808291	4.43985637355425	3.30635477476391	1.60277714297307	40.2173721248621	0.120548311903192	-18.7066216765638
4.02910382354764	-0.736478101052668	1.59220825512099	1.80188655908072	0.96357601382779	-1.85117935993338	0.308731886868618	-1.03096838610289	-3.26859191799648	-4.4548313320518	4.66184613375365	1.94434254746803	-2.20579787758723	-1.74419841339029	-1.10280897011615	-0.172662905406852	-7.87340336659416	0.290813651950526	6.06333021977439
4.84860971110469	-5.05147510558399	4.21103410381854	5.67287304251694	-2.33602157290176	-11.5766721631917	-3.92575493452839	-4.07433473133287	-5.4771562953465	-5.11182833905218	14.5629272154765	9.82879974751702	-1.01764101915709	-1.42730209195919	-2.73741794273429	-0.937599790909775	-16.2738882723572	-1.019452863002	12.1836200413101
6.92117884307319	2.53707081107563	0.0593216836886867	-1.61258564158158	10.8370760281649	8.31232472936159	8.07960303697331	0.5836928649721	-12.5526543014665	-9.16574646399489	-10.2992723915819	-15.5779495064315	-6.52486227688645	-1.86712442027903	-1.59402024063097	1.17420038705216	4.5984243416105	-1.64601194129315	9.18961975690458
-9.81405567241701	5.14634961542983	-3.59606400177821	-5.77807062305674	0.221494749326923	10.1877865094398	0.390534127899481	5.16536792871786	9.8171557157788	11.8803421886001	-16.2669351932359	-6.16174586636101	3.5003532205695	3.70382950520162	2.62269999121138	0.949113211507057	32.0730729958274	1.6847759489173	-17.0035863304466
-0.233926558750755	0.0450085859807094	-0.0822841915194752	-0.0883610659715905	-0.126361237563999	0.123818412015479	0.029039831515114	-0.0108989725700612	0.364373747279757	0.299130257097572	-0.242043221363458	-0.0334290271119574	0.0601021135715293	0.12257883394034	0.0873025647698223	0.00539659649676604	0.437902630898378	0.0220246180417668	-0.420022112721565
-17.6515783523147	8.83739966987466	-8.67114352818255	-10.9687761848141	-1.06898097272072	19.6433457636868	3.60385522191181	7.41892602850251	20.0720061864075	20.8688658480676	-31.7781906745545	-14.5726756223474	6.20949015224595	7.43511977242932	6.31177255947048	1.62030729817522	48.589388074533	1.89674191006928	-33.5266291562141
2.81860447519209	0.0489301414382197	-0.791094914371873	-0.337921634880193	3.17329483495551	3.19039503254209	5.59696117165857	-1.9141056043564	-2.91517235074836	-2.77108619175717	-6.30886113106482	-8.35014702291688	-2.81826336356664	1.03675548728094	0.144792622852531	0.396337342926871	-2.30940365810674	-1.4048793564944	2.66346193582801
-13.1295853217984	5.8539542579175	-5.28460666976417	-7.76175139477757	-1.41314432972761	12.6998342514773	1.77488015189773	4.77426205494155	14.9173376706785	15.6199150670605	-19.6270523270564	-7.82200061604136	4.13833112984648	5.36552997055103	4.35799711621251	1.05984897955187	36.6438840462445	1.81100179375437	-23.2950141525575
