-1.59177378465515	3.22347258525867	-4.01321186695722	-2.65620017680339	-7.84031338815684	2.37103505180233	-11.2779236314408	6.23876261716122	4.28596420789363	9.88308571816044	-4.52750727731767	0.797188336324958	6.34264522923818	3.73477309424516	-8.44638643622479	-0.025053138162334	14.1835902874553	-1.84167639619711	4.01895028529023
0.244170552791545	-1.89442471515386	2.37274699339161	1.74177973536632	5.13296718620546	-1.34870485234572	7.30407916667663	-3.16815019494091	-1.52709869163681	-6.31195742174049	1.50840656154951	-0.564765295803591	-3.36520224161105	-2.5826062491968	5.90701625098937	0.0570963398292252	-8.46124830786914	1.90772632486731	-2.33454069320162
1.08117182593529	-3.79260843497577	0.784696971182409	3.61764492168036	7.05522034607596	-1.50426038560927	13.4936741613597	-7.58013363629514	-5.5771212463744	-9.05178581745497	4.50302782844718	-1.80187592823458	-2.76821824935387	-1.52285811378489	8.08121956114671	-0.22230550885313	-19.3091924074181	-1.47566742044143	-4.31027339192853
-0.842438483207662	-1.57568755095135	2.76160648673631	-0.186994066343829	4.23339778148785	-0.832726857389599	6.04502175062174	-2.24760008003225	-0.96912449595585	-6.56389077875634	2.29439498631933	-0.314974573511385	-4.41609720169399	-3.21885131248613	6.65274624247828	0.00128670111391416	-9.38305793610667	2.20990860836296	-0.936363740389837
-0.00584792635597786	-2.3015285326165	1.31986201624647	1.02469321098335	4.31148355572098	-0.745628361982961	8.34211207547787	-4.59305129225431	-2.81758185992684	-6.57158873776206	3.65613784844803	-0.949678057448628	-3.33053545289471	-1.93623890929275	6.18243373129768	-0.147130695277143	-13.2258831088174	-0.370093556265537	-1.88853721706184
0.625154293607348	-2.02321726559037	2.50563496476709	2.25554484456083	5.49428574331738	-1.88078638701942	7.41107601032608	-3.31832736871743	-1.74660892442274	-6.09372949803047	1.52716298518683	-0.621228950916658	-3.2205618138116	-2.27423062662769	5.66494163717461	0.107246237956884	-8.16861217802438	2.4324219214023	-2.8340448200405
-1.89355561113451	6.51114697964971	-4.35921360976534	-5.53191100869212	-12.9813739172197	4.45684259105473	-22.324834634769	12.766721689687	6.61847470309994	14.9135438334823	-8.39079837888039	2.78565585216068	7.47537528483586	4.37333166746078	-14.1815706926902	0.117828115631198	35.794307839262	-1.79606042966552	8.0644942621192
-0.441081974919218	-3.19442346976928	0.702758240564858	2.70875622721519	5.99986305418457	-0.74380224085423	12.1918850486527	-6.57041378060045	-3.5469314433271	-7.64970764643666	3.19534674928734	-1.68830871539117	-2.36576134278546	-1.8713234645334	7.6504322558141	-0.183186865382699	-16.0744282334608	-1.80318576303604	-3.03543296021819
1.35918791140775	2.55178889867587	-3.85646697977771	0.00195056932139348	-5.79868176091102	1.49237591006279	-9.29824763628514	5.35335465103636	1.39264159174485	8.98866295383999	-4.76703266017794	0.716979284820233	7.37155417677978	4.34577367032072	-8.66396876988803	-0.0115808653195493	14.2805320665662	-2.17655937003938	1.84228357942595
0.0276174061177303	-11.1284930172606	7.78773013316658	7.65067328660266	23.8097401734746	-5.05208090628829	39.7376433653088	-20.8421471873776	-14.9083365221321	-31.2007162016473	13.6476864502149	-4.30862042120053	-14.9375059575588	-9.71201117162469	29.5103258850671	-0.374923487196307	-54.1928574296515	0.458277682987706	-11.2779868381076
-2.11242695194033	8.58642616635742	-4.58772516373929	-6.57484470280314	-16.2684577087577	5.073737261385	-29.3290570224657	16.3331350858022	9.94784203403069	19.4203585560376	-11.5192625062024	3.83378624483954	8.52462451455996	4.85979135118358	-18.9944728135771	0.3137459680018	47.9740702637353	-0.676511236426617	9.60399408281472
0.210525284142108	-2.35666974727688	2.68112464511993	2.00180081118522	6.06576675410025	-1.54180141764853	9.03794515941743	-4.12563907274703	-1.95400091190646	-7.7194785399616	2.17663273339318	-0.755342525654445	-4.12827729649051	-3.03251731187938	7.1879225293136	0.0396351941222584	-11.0454292935442	1.98463117557973	-2.76858022418678
-1.77034949937932	-3.83868911625635	1.52622520389514	1.373002396929	6.89564179933752	-0.676284355208637	13.6501939775784	-7.51898176893065	-5.3904888253935	-9.77647780592621	5.40238566870501	-1.82787133242285	-4.32500534048913	-2.79427129087829	10.2891818396458	-0.285509076188884	-20.0117901166269	-2.28902744633145	-2.55714775476417
-3.38638276175485	4.8753324084328	-0.691872779591897	-5.46543928993765	-7.95332422825669	3.60972802192305	-15.5471593605245	9.732927414092	6.36041716178143	7.71295299925852	-6.52157229515555	2.53060031989784	1.71702574237147	-0.000795028274680476	-7.03028019816956	0.2061109738001	28.0008141792644	0.525639979565597	6.82889762055831
-1.32382730685051	5.1425977810639	-3.84665636672987	-3.63660241788475	-10.1874056682456	3.89718552009238	-16.7920396718569	9.39399611453976	5.54126241151793	11.6652760734065	-7.18365653405439	2.100452550802	6.16279745531022	3.47781889972078	-11.5003172541614	0.094281396699673	29.7526375256971	-2.41236006392014	6.20284654037373
0.00870906076062428	0.0536970855812676	-0.0608386293675471	-0.0694547256759911	-0.124203033934935	0.0851315567084532	-0.158195326360104	0.104179221814456	0.00960604495260953	0.063170480176834	-0.0425572448408641	0.0273549025543525	0.0596437793265359	0.0222583305486116	-0.0861781633483905	-0.00728605526488581	0.185920130690358	-0.0854463473549748	0.0910545287121125
-0.955995405041484	9.79660539104279	-6.30310349658578	-7.9442096067895	-20.4598016283833	5.35449199745901	-34.5107435521707	18.4789614833211	11.8811266486216	24.5032001400962	-11.3294292935953	4.11494901953098	11.0907186903906	7.2093305225296	-23.715223320913	0.244994624231369	48.5845975929704	-0.897003294121701	10.923694511851
-0.526219048406676	2.10575695780374	-1.54806436051814	-1.65613092875684	-4.21936896861591	1.97250404403943	-6.13357168902717	3.83863692125816	3.34163778543722	4.49947905972307	-3.19444285879478	0.803799153523264	2.58384309873272	0.8414455790157	-4.20278997439905	-0.00382963044073811	9.46573797105033	-1.05149876294892	2.67365409646886
-1.27173636777741	5.42931495388147	-4.12752413060777	-3.23059913243598	-10.4432764554086	3.71867266295232	-18.1039036807246	10.2340138098308	5.55307740374475	12.9528919965299	-8.33734662137561	2.19623264779197	7.25134014873076	4.03595085498034	-12.6699029298741	0.153876618466424	32.6956052912213	-2.11542834237651	6.0037188282957
