-1.33256505311529	-0.071397292073919	-0.326221361124916	-0.0772369994278537	-0.742978839203108	-0.116286360121081	-1.11547813835861	-0.464826009409574	-0.745266004083339	0.853020756004013	0.719264402034371	-0.162631718908532	-0.958570978593032	-1.14920931585875	1.46159480452404	1.18572401496208	-0.976558256906401	-0.239236704143466	1.11888858999982
0.0384560350730243	-0.00863292774235888	-0.0326902805650161	-0.00263707107102609	-0.0345017933851606	0.00734842903838437	0.0905584617861812	0.0270963288913113	0.0314661505918983	-0.052175832607019	-0.0023497247992843	-0.00138466457174513	-0.00603115251009156	-0.084984700753304	-0.00241949998276814	-0.000442252606105142	-0.0433515977609664	0.0116879992453122	0.0466642902127208
7.14428255388023	0.0912044241431289	-3.52260403231392	0.404478213018375	-1.4691980128021	1.70256261651166	-1.49269915954088	7.79788219251211	5.8758589212297	5.63218687534237	0.757715000803245	0.867886172179215	9.91759262355316	-3.10746803140424	-8.16907839782732	-7.00219443814608	11.6322499821943	2.44324288082458	-1.98130002948872
0.130656240923492	0.0225504898571952	-0.019277630635861	0.012553199466796	0.0045501674923771	0.0194226781102304	0.0824281183043761	0.268759702994014	0.0446172505594561	0.0520855641596514	-0.264323608595312	0.030721434176542	0.177507291976391	0.104376839014847	-0.1259628715508	-0.0163866705522189	0.498463802013153	0.0118950539185107	-0.288106277125721
5.5311371632143	0.451840696542981	-3.73203733491553	0.487495531335375	1.8606996398417	1.20647975615007	-1.13481879193668	6.01170034393396	4.20455773728615	6.83389103429749	-1.37690395732763	0.993803331220741	9.31144841352426	1.01410594027308	-8.07619907915027	-7.85892622910033	13.3717737355066	1.73782491962992	-5.78889042644225
-0.0979980165246106	0.0213308377410519	-0.0481528298210723	0.000590415064497418	0.067753815789953	-0.0344466991678302	0.0517489988796538	0.0334041403880292	-0.091492262405194	0.00387452383127065	-0.31350327458666	0.00915226862940854	-0.0443507133577006	0.240813420650533	0.0115674890007269	0.0851843827199351	0.175978816527744	-0.0337153940512196	-0.120255128758015
10.0552240972172	1.75633128996463	9.07003634397301	1.13760776781231	0.849282960590256	1.69606311031762	-1.42352981963794	14.8553573711859	2.73333416291961	1.32883968551875	-8.68053468905145	1.95470287114354	11.9117130884677	9.84251607081679	-6.8506256274768	-0.673028625494462	32.364931898666	0.358932683791083	-21.3402386564446
-8.43334062913978	-1.43045739504965	1.89138829938454	-0.867410944688454	-3.12049897894686	-1.24782147368764	-3.68230470297178	-14.2753339157264	-3.43675763917953	-5.49882222876772	13.9524293354836	-1.95842346692936	-12.6966908640972	-7.70512865910213	10.4356647265825	4.91924621234415	-28.784911130696	-1.04394046295761	18.6560491679093
-1.42714497597496	-0.0733803496103619	-0.116594519593181	-0.0823268537058112	-0.57159862723645	-0.157429750393915	-0.978407535860804	-0.780445406278773	-0.869333113604736	0.594015740306556	0.851147041105971	-0.183976834278951	-1.18019458585066	-0.902886607172128	1.62160004950074	1.2172913953225	-1.50748629994469	-0.303994325003532	1.03864685852637
-5.93672814844893	-1.33037467709486	-1.36606324248896	-0.684835568122432	-0.479207537525886	-0.888076531606185	-2.80845344915452	-14.0662295664502	-0.892938434126698	-3.10263635356729	13.9617731504141	-1.53911656759329	-8.88548136368972	-5.94590438201533	5.47689608441473	-1.51371117768212	-25.7759393940476	0.0910143115667965	18.0981923588173
7.06685160996147	2.13784382122461	8.70196563732938	0.938193962070835	2.58214599787113	0.281051334065097	7.7218407867811	15.4197472034651	-1.17267444029915	-5.32463572098943	-21.7493227208349	2.00734230821078	6.40298125646282	16.0465645500307	-3.72543362231787	5.65807669230183	32.9682340539182	-1.38175258746058	-25.612833647665
-0.00612260703913495	0.00989731991243373	-0.00675290691379515	0.00415994086853217	-0.00961719498254444	0.0050534475441777	-0.0482794302126947	0.0927724956867296	-0.0245955305991478	0.104674424951725	-0.0544957743052193	0.00735872342110883	0.0542672748765393	0.00740361035895365	0.0121718959554993	0.0327760184890946	0.202138173890496	-0.0113547558961276	-0.135271640741802
-7.53918663850821	-1.29921733370922	-0.601665281211382	-0.735402533250946	-1.44334297320254	-1.01588584905788	-4.00751349014322	-13.7647363210194	-2.36236726835006	-2.17819157626792	14.0538618543711	-1.68257968481888	-10.0560863221807	-7.00266180917958	7.95450139421108	1.24020191718875	-25.1993346025923	-0.519193725846709	17.476022428804
0.198562623370978	0.318532666904158	9.28010833759057	0.0681501594448853	-3.6333072397103	-0.04186440619392	1.05860388522381	3.2496682523681	-2.72680912765724	-7.15329193542132	-2.21938766682825	-0.0486881510464869	-3.83077833927242	1.28928995621955	6.58826864009845	9.41002229285497	4.77864321308179	-1.60584959828938	-4.81165660392097
8.87395386038261	0.305432711304114	8.86075332168862	0.48716354018277	-6.68455212769026	1.83169068763421	-1.85428254593958	10.7065963499662	4.29462886516644	-5.16877521260379	0.524924710708717	0.747163870634463	5.79094762551644	-1.25586343088008	-2.1445454555836	2.57676150584567	13.6914272162048	1.24294118335241	-4.45068689219104
3.78978129669596	0.905125476258604	1.1399755451724	0.507073643898954	5.81442542552502	0.154275371630362	3.08288462643953	2.95600046608604	1.06110663304982	0.924183634726259	-6.54565002166305	0.993495671517373	5.4322918396807	8.85142665116356	-6.16526958654782	-4.33319842232874	11.1602303868094	0.165568992091232	-10.6334997119301
12.217077985255	2.23531917551864	5.89157052711035	1.26618246626807	2.49616860170499	1.53199825202375	5.35703649451988	20.5032366625064	3.11364356125169	0.340256278023215	-20.3077092952252	2.63890172084587	14.6440504773994	14.1653487744404	-10.8268054024318	-0.650567209777453	39.9847780875039	0.393596511613214	-28.370606228356
-0.652082296627186	-0.026538303306172	0.0748179831714237	-0.0356671287645124	-0.198969647529783	-0.0836258466373808	-0.376947064876303	-0.409038291845772	-0.440060846755624	0.144825583743967	0.358252222246424	-0.084012368359931	-0.596826532346133	-0.278431035578921	0.782056990862694	0.6019378073047	-0.740046181151754	-0.164840726369984	0.366890274409767
8.97119955320069	1.43381429392257	9.29645815383902	0.927322638712104	-1.02998026106462	1.51268742779417	-0.189762902337822	14.0900737813219	2.08808661766744	-0.880409064428335	-7.82375725525409	1.59634043566399	9.47190264480976	7.64731448067791	-4.32284349460912	1.93351927045044	27.1944615393331	0.0983297691119888	-18.267608194141
