-2.69791199218758	0.921735334318434	-0.591618466924889	-4.66066390800673	4.68527023387595	3.00194457007215	-0.365530059424806	8.91370827181851	-9.07534876079919	2.82002775243482	-13.3553599813662	-1.73253942526322	6.69388770775575	5.16080903856781	-2.90113792992968	0.257880172019926	15.9191815536214	7.05727397329894	-5.5201439826086
2.43147301636519	-0.869311003100684	0.959191797734618	2.49741962710004	-2.13310604733034	-1.34258716388745	-0.465325066495671	-4.3768891227225	4.60798312388677	-1.562410885893	5.77627650489882	0.85785402933173	-3.75849155276108	-2.20952680229018	1.88830628591584	-0.22255357807392	-8.51013560539178	-2.7161583374878	4.02186633321008
0.421354704466522	-1.87040423941187	-0.776076743745396	3.02988936652978	-4.80568830583416	-2.37645618329789	1.21405253165465	-10.965266877396	9.2191111987743	0.227911029968499	13.1465803415594	1.12669033849909	-2.25642715369422	-1.83627488163024	0.40096028234333	-0.345166380034939	-17.9129256245724	-3.75001594308777	4.53266353119612
1.44935073310747	-0.313668128483748	0.563477252487214	1.96382834470336	-1.74809185619879	-1.16390752665244	-0.0744303602191376	-2.86889443300319	4.43642732962785	-1.8323128137833	5.47716061216275	0.992573830537619	-3.26840258117868	-2.02136957781431	1.01883178949397	-0.222014650909086	-7.57468816181262	-2.63728536688425	3.63957612358922
1.22953257789789	-1.26606903703051	-0.280990244781981	2.8795818683655	-3.91209041276616	-2.13969317514187	0.403262081097243	-8.0588685906856	7.24988594449369	-0.165767701816326	10.118380126614	1.06685511607277	-2.75314105673257	-2.13772237197741	0.860730458914449	-0.230681783476867	-13.0850238626994	-3.74450816378995	3.93670856064552
2.28757878640947	-0.226266373530919	0.269201503185876	2.61533011492571	-2.60932716869758	-1.86122117806215	-0.702870578678606	-3.00042955421199	4.924616079065	-1.49979754772816	6.32594500128363	1.16888464784324	-3.79087233999528	-2.39319594307793	1.37120838366925	-0.17689483376196	-8.17520472302601	-3.82811637817143	4.06555279653351
0.229084269980211	3.5615275146314	-2.32491070689474	-4.7255327092424	5.09549375172697	2.29778695922038	-4.26710155786862	18.7681221195901	-16.8610248553306	3.00422468252513	-21.7645060468837	-1.92890991539812	5.47995322865101	6.57319418998807	-1.7916235727229	0.884394846016688	34.78415717288	5.62576232484064	-8.21122709408732
2.0549193339537	-3.20878821878805	1.15971124632616	3.26209795999227	-4.00855162913835	-1.66429534640506	0.955467402043379	-13.3591181303766	8.2174934766561	1.103710069883	10.9918531736912	0.489031120404924	-2.27568693193478	-1.78032594497955	2.20829522427577	-0.319333600612707	-16.0704031510442	-2.006971223507	4.58418840661902
-0.784118939655821	0.453146028842326	-0.841717780919417	-3.93480567993102	4.05203315382077	2.66147616580392	-1.30100019018387	8.30919826438392	-10.663451984161	2.95723735672109	-14.0796595728134	-2.23604593553345	6.0399841620224	5.56690699483191	-0.873321788832824	0.334780419555665	15.4877570294449	6.8729009745205	-5.77295997679589
3.66003442163671	-5.37904023330069	1.85781189684833	11.5859817198632	-13.745791568281	-8.29373956352993	3.4972879421834	-32.8271548922863	30.1978870509845	-4.47750028916544	43.408621896655	4.48822057372071	-14.7219263670788	-11.6289387222325	5.22236807116009	-1.19433769510781	-55.3495047243006	-17.0206017884694	18.344627456216
-0.760987664337873	5.67414649078288	-2.2840823641585	-7.09134457170247	9.08473601256199	4.7312981518764	-3.79470175204003	27.4941779580624	-24.3489490419916	1.54333932021784	-31.6542068915761	-2.81128907141884	7.20808041381871	7.38593453219492	-1.61305499962732	1.23745881478068	48.6164474093226	8.50899505426548	-13.5933165300704
2.50270513041243	-0.782982505190368	0.698490220845157	3.03048624764727	-2.77757411595826	-1.68242251143383	-0.00899139163659157	-5.26884878082309	5.76803703115976	-1.99732889466238	7.7356474150433	1.07673695836518	-4.30087294327907	-2.83513619320001	2.27126443822559	-0.236219523633648	-10.9603269683567	-3.70404377910607	4.31063316229724
1.00631039454461	-3.08915726409186	0.71045500629581	4.05468130068761	-5.63827775213819	-3.58475167137657	0.894110035460848	-14.5824270153972	11.1468918039995	0.491031314627637	16.8968164699399	1.22211280688544	-4.36884445410152	-3.21222638874415	1.63802274827899	-0.452453845984627	-20.9129138953846	-6.06721774630777	7.29283239643448
1.50492288585028	4.06049857513889	-0.86350033559183	-1.77359860475833	3.57842684362673	1.15020724976401	-2.13729281893728	15.3338325670458	-11.2480303906439	-0.704454803167081	-13.816602542889	-0.593935019703679	0.510312273295185	1.08731333734022	1.24260337201657	0.812327443379843	26.4376333316001	0.237177075463691	-5.90673765771731
-1.17042021470322	3.65857516737724	-2.28566946556843	-4.51031996189515	4.61004895261344	2.21345532873461	-2.86483618782756	16.765284828787	-13.476973504717	2.37501897084768	-18.0562037516902	-1.23551616347339	5.20000451000307	5.57109283739721	-2.97039297165695	0.753629765244988	30.9166302511904	4.90351193947278	-7.2177598942896
-0.0646077493378639	-0.00589516342454766	0.02679083880571	-0.0848058645629828	0.0802220287946962	0.0150905502020439	-0.0828494430325559	0.163461018059542	-0.093419884261241	-0.0113428409709723	-0.153453002167788	-0.00496055045358607	0.00153733717420224	0.0929000730625025	-0.114595319121895	-0.0106526132341011	0.190261114116947	0.0832859226888627	0.0947546401453763
-2.81062312612932	5.77714001068255	-2.83402451767056	-9.55303326980717	11.3051082822966	6.46920699324787	-3.33683059405775	30.7205243225971	-27.6434565125119	2.47133503886353	-36.997650114466	-3.71233906283478	11.0528729710043	9.89370374616409	-3.52322972459597	1.19243027913986	50.7635827107211	12.6023695693989	-16.2610597048155
0.503723266107029	1.38685096865078	-0.308296359503981	-1.11187300069653	1.63783138794336	0.486227410906629	-1.15863076354193	6.81933831197844	-4.43505383250729	0.408495173143631	-6.26063482080878	-0.366643606546596	1.25410479566293	0.978945181268259	-0.05942091155657	0.231489890737253	8.62726365167225	0.757921353431236	-1.96861416973363
-0.157187926732888	3.79818688123543	-2.53258059352735	-4.31070247101039	5.16073470237331	3.20041386953895	-1.41402266779752	16.6163887813544	-16.3854971860937	2.35397998565387	-20.3855983415727	-2.16104285313756	6.27659532721384	5.41847302252715	-0.0290202416446865	1.04091721526842	32.7709390113547	5.79434604948586	-11.0457904223384
